asm_1.step_001 00:30 0 1 1 0 0 0 0 0 0 1 0 0 0 0 0 0 0
asm_1.step_002 07:30 0 1 0 0 0 0 0 1 0 1 0 0 0 0 0 0 0
asm_1.step_003 07:30 0 0 1 0 0 0 1 0 1 0 0 0 0 0 1 0 0
asm_1.step_004 01:00 0 0 0 1 0 0 0 0 0 0 0 0 0 1 0 0 0
asm_1.step_005 07:30 1 0 0 0 0 0 0 0 0 0 0 0 0 0 1 0 0
asm_1.step_006 00:15 0 1 1 0 0 0 0 0 0 1 0 0 0 0 0 0 0
asm_1.step_007 04:00 0 1 0 0 0 0 0 0 0 1 0 0 0 0 0 0 0
asm_1.step_008 07:30 0 0 1 0 0 0 0 0 0 0 0 0 0 0 1 0 0
asm_1.step_009 07:30 0 0 1 0 0 0 0 0 0 0 0 0 0 0 1 0 0
asm_1.step_010 07:30 1 0 0 0 0 0 1 0 0 0 0 0 0 0 0 0 0
asm_1.step_011 07:30 0 1 0 0 0 0 0 0 0 0 1 0 0 0 0 0 0
asm_1.step_012 00:30 0 0 0 1 0 0 0 0 0 0 0 0 0 0 0 0 0
asm_1.step_013 03:00 0 0 1 0 0 0 0 0 0 0 0 0 0 0 1 0 0
asm_1.step_014 07:30 0 0 1 0 0 0 0 0 0 0 0 0 0 0 0 0 1
asm_1.step_015 07:30 0 2 0 0 0 0 0 1 0 1 1 0 0 0 1 0 0
asm_1.step_016 07:30 0 1 0 0 0 0 0 0 0 0 0 0 0 0 1 0 0
asm_1.step_017 03:00 0 0 0 1 0 0 0 0 0 0 0 0 0 1 0 1 0
asm_1.step_018 07:30 0 0 1 0 0 0 0 0 0 0 0 0 0 0 1 0 0
asm_1.step_019 00:30 0 1 0 0 0 0 0 0 0 1 0 0 0 0 0 0 0
asm_1.step_020 01:00 0 1 0 0 0 0 0 0 0 0 1 0 0 0 0 0 0
asm_1.step_021 07:30 0 0 1 0 0 0 1 0 1 0 0 0 0 0 0 0 0
asm_1.step_022 01:00 0 1 0 1 0 0 0 0 0 0 1 0 0 0 0 0 0
asm_1.step_023 03:45 2 0 0 0 0 0 0 0 0 0 0 0 2 0 0 0 0
asm_1.step_024 07:30 0 0 0 2 0 0 1 0 0 0 0 0 0 0 0 0 0
asm_1.step_025 03:00 0 1 0 0 0 0 0 0 0 0 0 0 0 0 0 0 0
asm_1.step_026 02:01 0 0 0 1 0 0 0 0 0 0 0 0 0 1 0 1 0
asm_1.step_027 04:00 0 0 1 0 0 0 0 0 0 0 0 0 0 0 1 0 0
asm_1.step_028 01:00 1 0 0 0 0 0 1 0 1 0 1 0 0 0 0 0 0
asm_1.step_029 00:30 0 1 1 0 0 0 0 0 0 1 0 0 0 0 0 0 0
asm_1.step_030 07:30 0 1 0 0 0 0 0 0 0 0 1 0 0 0 0 0 0
asm_1.step_031 00:30 2 0 0 0 2 1 1 2 1 2 1 2 5 2 1 4 3
asm_1.step_032 07:30 0 1 0 0 0 0 0 0 0 1 0 0 0 0 0 0 0
asm_1.step_033 04:00 0 0 1 0 0 0 0 0 0 0 0 0 0 0 1 0 0
asm_1.step_034 04:00 0 0 0 1 0 0 0 0 0 0 0 0 1 0 0 0 0
asm_1.step_035 07:30 0 1 0 0 0 0 0 0 1 0 0 0 0 0 0 0 0
asm_1.step_036 07:30 0 0 1 0 0 0 1 0 0 0 0 0 0 0 0 0 0
asm_1.step_037 02:25 0 0 1 0 0 0 0 0 0 1 0 0 0 0 0 0 0
asm_1.step_038 01:00 0 1 0 0 0 0 0 1 0 0 0 0 0 0 0 0 0
asm_1.step_039 07:30 0 0 1 0 0 0 1 0 1 0 1 0 0 0 0 0 0
asm_1.step_040 07:30 0 0 0 1 0 0 1 0 0 0 0 0 0 0 0 0 0
asm_1.step_041 07:30 0 1 0 0 0 0 0 0 0 0 0 0 0 1 0 0 0
asm_1.step_042 02:25 0 1 0 0 1 0 0 0 0 0 0 0 0 0 0 0 0
asm_1.step_043 00:15 0 1 0 0 0 0 0 0 0 0 0 0 0 1 0 0 0
asm_1.step_044 00:30 0 1 1 0 0 0 0 0 0 1 0 0 0 0 0 0 0
asm_1.step_045 02:25 0 1 0 0 1 0 0 0 0 0 0 0 0 0 0 0 0
asm_1.step_046 02:15 1 0 1 1 0 0 0 0 0 2 0 0 0 0 0 0 0
asm_1.step_047 01:47 0 1 0 0 0 0 0 0 0 0 0 0 0 1 0 0 0
asm_1.step_048 07:30 0 0 1 0 0 0 0 0 0 0 0 0 0 1 0 0 0
asm_1.step_049 04:00 0 0 2 0 0 0 0 0 0 0 0 0 0 0 1 0 0
asm_1.step_050 01:00 0 0 0 1 0 0 0 0 0 0 0 0 0 0 0 0 1
asm_1.step_051 04:00 0 0 0 1 0 0 0 0 0 0 0 0 0 1 0 0 0
asm_1.step_052 07:30 0 0 1 0 1 0 0 0 0 0 0 0 0 0 1 0 0
asm_1.step_053 00:30 0 1 0 0 0 0 0 0 0 1 0 0 0 0 0 0 0
asm_1.step_054 01:00 1 0 0 0 0 0 0 1 0 0 0 0 0 0 0 0 0
asm_1.step_055 01:00 0 0 1 0 0 0 0 0 0 0 0 0 0 0 1 0 0
asm_1.step_056 07:30 0 0 1 0 1 0 0 0 0 0 0 0 0 0 1 0 0
asm_1.step_057 07:30 0 1 0 0 0 0 0 0 0 0 0 0 0 0 0 1 0
asm_1.step_058 04:03 1 0 0 0 0 0 0 1 0 0 0 0 0 0 0 0 0
asm_1.step_059 07:30 1 0 0 0 0 0 0 0 1 0 0 0 0 0 0 0 0
asm_1.step_060 07:30 0 1 0 0 0 0 0 1 0 0 0 0 0 0 0 0 0
asm_1.step_061 04:03 0 0 1 0 0 0 1 0 1 0 1 0 0 0 1 0 0
asm_1.step_062 07:30 0 1 0 0 0 0 0 0 1 0 0 0 0 0 0 0 0
asm_1.step_063 07:30 0 1 0 0 0 0 0 0 0 0 1 0 0 0 0 0 0
asm_1.step_064 03:30 0 1 0 0 0 0 0 0 0 0 0 0 0 0 0 0 0
asm_1.step_065 07:30 0 1 0 0 0 0 0 0 0 0 0 0 0 0 0 1 0
asm_1.step_066 07:30 0 1 0 0 0 0 0 0 0 0 0 0 0 0 0 1 0
asm_1.step_067 06:00 0 0 1 0 0 0 1 0 1 0 0 0 0 0 0 0 0
asm_1.step_068 01:00 0 1 0 0 0 0 0 1 0 0 0 0 0 0 0 0 0
asm_1.step_069 00:45 0 1 1 1 0 0 0 0 0 2 0 0 0 0 0 0 0
asm_1.step_070 02:25 0 0 1 0 0 0 0 0 1 0 1 0 0 0 1 0 0
asm_1.step_071 02:30 0 1 0 0 0 0 1 0 0 0 0 0 0 0 0 0 0
asm_1.step_072 07:30 0 0 0 2 0 0 1 0 0 0 0 0 0 0 0 0 0
asm_1.step_073 01:00 0 1 1 0 0 0 0 0 1 0 0 0 0 0 0 0 0
asm_1.step_074 02:25 0 1 0 0 0 0 0 1 0 0 0 0 0 0 0 0 0
asm_1.step_075 01:00 0 0 1 0 0 0 0 0 0 0 0 0 0 1 0 0 0
asm_1.step_076 02:12 0 1 0 0 0 0 0 1 0 0 0 0 0 0 0 0 0
asm_1.step_077 02:25 0 0 1 0 0 0 0 0 0 0 0 1 0 0 0 0 0
asm_1.step_078 02:25 0 0 0 1 0 0 0 0 1 0 0 0 0 0 0 0 0
asm_1.step_079 07:30 1 0 0 0 0 0 0 0 0 0 0 0 0 0 1 0 0
asm_1.step_080 04:03 1 0 0 0 0 0 0 0 1 0 1 0 0 0 1 0 0
asm_1.step_081 01:00 0 1 0 1 0 0 0 0 0 0 0 0 0 1 0 1 0
asm_1.step_082 00:45 0 0 1 0 0 0 0 0 1 0 0 0 0 0 0 0 0
asm_1.step_083 07:30 0 2 0 0 2 1 1 2 1 2 1 2 5 2 1 4 3
asm_1.step_084 02:01 0 0 1 0 0 0 0 0 0 0 0 1 0 0 0 0 0
asm_1.step_085 01:30 0 0 1 0 0 0 1 0 1 0 0 0 0 0 0 0 0
asm_1.step_086 01:00 0 0 1 0 0 0 0 0 0 0 0 0 1 0 0 0 0
asm_1.step_087 07:30 0 1 0 0 0 0 0 0 0 0 0 0 0 1 0 0 0
asm_1.step_088 07:30 0 1 0 0 0 0 0 0 0 0 1 0 0 0 0 0 0
asm_1.step_089 04:00 0 0 0 1 0 0 0 0 0 0 0 1 0 0 0 0 0
asm_1.step_090 01:00 0 0 1 0 0 0 0 1 0 0 0 0 0 0 0 0 0
asm_1.step_091 03:00 0 0 1 0 0 0 0 0 0 0 0 0 0 0 0 0 1
asm_1.step_092 03:00 0 0 1 0 1 0 0 0 0 0 0 0 0 0 0 0 0
asm_1.step_093 02:25 0 0 1 0 0 0 1 0 1 0 0 0 0 0 0 0 0
asm_1.step_094 01:30 0 0 1 0 0 0 0 0 0 1 0 0 0 0 0 0 0
asm_1.step_095 00:30 0 0 1 0 0 0 0 0 0 1 0 0 0 0 0 0 0
asm_1.step_096 00:30 0 1 0 0 0 0 0 0 0 0 0 0 1 0 0 0 0
asm_1.step_097 07:30 1 0 0 0 0 0 0 0 0 0 0 0 0 1 0 0 0
asm_1.step_098 07:30 2 0 0 0 2 1 1 2 1 2 1 2 5 2 1 4 3
asm_1.step_099 06:35 0 0 0 1 0 0 0 0 0 0 0 1 0 0 0 0 1
asm_1.step_100 04:03 0 0 1 0 0 0 0 0 0 0 0 0 0 0 1 0 0
asm_1.step_101 07:30 0 0 0 1 0 0 0 0 1 0 0 0 0 0 0 0 0
asm_1.step_102 04:00 0 1 0 0 0 0 1 0 0 0 0 0 0 0 0 0 0
asm_1.step_103 07:30 0 0 1 1 0 0 1 0 1 0 0 0 0 0 0 0 0
asm_1.step_104 01:30 0 0 1 0 0 0 1 0 1 0 0 0 0 0 0 0 0
asm_1.step_105 01:00 0 1 1 0 1 0 0 0 0 0 0 0 0 0 0 0 0
asm_1.step_106 07:30 0 0 1 0 0 0 0 0 0 0 0 0 0 0 0 0 0
asm_1.step_107 04:30 0 0 1 0 0 0 0 0 1 0 1 0 0 0 0 0 0
asm_1.step_108 03:00 0 0 1 0 0 0 0 0 0 0 0 0 0 1 0 0 0
asm_1.step_109 04:00 1 0 0 0 0 0 0 0 0 0 0 1 0 0 0 0 0
asm_1.step_110 01:30 0 0 1 0 0 0 0 1 0 0 0 0 0 0 0 0 0
asm_1.step_111 00:15 0 0 1 0 0 0 0 0 0 0 0 0 0 0 1 0 0
asm_1.step_112 01:00 1 0 1 0 0 0 0 0 0 1 0 0 0 0 0 0 0
asm_1.step_113 07:30 1 0 0 0 0 0 0 0 0 0 0 0 0 0 1 0 0
asm_1.step_114 00:30 0 1 0 0 0 0 0 0 0 0 0 0 1 0 0 0 0
asm_1.step_115 07:30 0 1 0 0 0 0 0 0 1 0 0 0 0 0 0 0 0
asm_1.step_116 02:25 0 1 0 0 0 0 0 0 0 0 0 0 0 0 0 1 0
asm_1.step_117 07:30 0 1 0 0 0 0 0 0 0 0 1 0 0 0 0 0 0
asm_1.step_118 01:00 0 0 0 1 0 0 1 0 0 0 0 0 0 0 0 0 0
asm_1.step_119 07:30 0 2 0 0 2 1 1 2 1 2 1 2 5 2 1 4 3
asm_1.step_120 02:25 0 0 1 0 0 0 1 0 0 0 0 0 0 0 0 0 0
asm_1.step_121 06:35 1 0 0 0 0 0 0 0 0 0 0 0 1 0 0 0 0
asm_1.step_122 07:30 0 0 1 0 0 0 1 0 1 0 0 0 0 0 0 0 0
asm_1.step_123 07:30 0 1 0 0 0 0 0 0 0 0 1 0 0 0 0 0 0
asm_1.step_124 01:12 0 0 0 1 0 0 0 0 1 0 0 0 0 0 0 0 0
asm_1.step_125 07:30 0 1 0 0 0 0 0 0 0 0 1 0 0 0 0 0 0
asm_1.step_126 02:25 0 0 1 0 0 0 1 0 0 0 0 0 0 0 0 0 0
asm_1.step_127 01:30 0 0 1 0 0 0 0 0 0 0 0 1 0 0 0 0 0
asm_1.step_128 01:00 0 1 0 0 0 0 0 0 1 0 0 0 0 0 0 0 0
asm_1.step_129 02:25 0 1 0 0 0 0 0 0 1 0 0 0 0 0 0 0 0
asm_1.step_130 07:30 0 1 0 0 0 0 0 0 0 0 0 0 0 0 1 0 0
asm_1.step_131 03:30 1 0 0 0 0 0 1 0 0 0 0 0 0 0 0 0 0
asm_1.step_132 07:30 0 1 0 0 0 0 0 0 0 0 0 0 0 0 1 0 0
asm_1.step_133 07:30 0 0 1 0 1 0 0 0 0 0 0 0 0 0 1 0 0
asm_1.step_134 07:30 0 0 0 1 0 0 0 0 1 0 0 0 0 0 0 0 0
asm_1.step_135 01:15 0 0 1 1 0 0 0 0 0 0 0 2 0 0 0 0 2
asm_1.step_136 04:00 0 0 1 0 0 0 0 0 0 1 0 0 0 0 0 0 0
asm_1.step_137 03:30 0 1 0 0 0 0 1 0 0 0 0 0 0 0 0 0 0
asm_1.step_138 02:01 0 0 0 1 0 0 0 0 0 0 0 0 1 0 0 0 0
asm_1.step_139 01:00 0 0 1 0 1 0 0 0 0 0 0 0 0 0 0 0 0
asm_1.step_140 02:25 0 0 1 0 0 0 1 0 0 0 0 0 0 0 0 0 0
asm_1.step_141 06:35 0 0 0 1 0 0 0 0 0 0 0 0 1 0 0 0 0
asm_1.step_142 07:30 0 1 0 0 0 0 0 0 0 0 0 0 0 0 1 0 0
asm_1.step_143 02:25 0 0 1 0 0 0 0 1 1 0 0 0 0 0 0 0 0
asm_1.step_144 03:45 0 0 0 2 0 0 0 0 0 0 0 0 2 0 0 0 0
asm_1.step_145 00:15 0 0 1 0 1 0 0 0 0 0 0 0 0 0 0 0 0
asm_1.step_146 02:30 1 0 0 0 0 0 0 0 0 0 0 0 0 0 0 0 0
asm_1.step_147 00:45 0 1 0 0 0 0 0 0 1 0 0 0 0 0 0 0 0
asm_1.step_148 06:35 0 0 0 1 0 0 0 0 0 0 0 0 1 0 0 0 0
asm_1.step_149 02:25 0 0 1 0 0 0 0 1 0 0 0 0 0 0 0 0 0
asm_1.step_150 01:00 0 0 1 0 0 0 0 0 0 0 0 0 0 0 1 0 0
asm_1.step_151 07:30 0 1 0 0 0 0 0 0 0 0 0 0 0 1 0 0 0
asm_1.step_152 01:30 0 0 1 1 0 0 0 0 1 0 0 0 0 0 0 0 0
asm_1.step_153 02:25 1 0 0 0 0 0 0 1 0 0 0 0 0 0 0 0 0
asm_1.step_154 00:45 0 1 1 0 0 0 0 0 0 1 0 0 0 0 0 0 0
asm_1.step_155 03:45 0 1 0 0 0 0 0 0 0 0 0 0 0 0 0 2 0
asm_1.step_156 07:30 1 0 0 0 0 0 0 0 1 0 0 0 0 0 0 0 0
asm_1.step_157 01:00 0 1 0 0 0 0 0 0 0 0 1 0 0 0 1 0 0
asm_1.step_158 01:00 0 1 0 1 2 0 0 0 0 0 0 0 0 0 0 0 0
asm_1.step_159 07:30 1 0 0 0 0 0 0 1 0 1 0 0 0 0 0 0 0
asm_1.step_160 01:00 1 1 1 0 0 0 0 0 0 2 0 0 0 0 0 0 0
asm_1.step_161 01:00 0 0 0 1 0 0 0 0 1 0 0 0 0 0 0 0 0
asm_1.step_162 02:01 1 0 0 0 0 0 0 0 0 0 0 0 0 0 0 0 1
asm_1.step_163 07:30 0 1 0 0 0 0 0 0 0 0 0 0 0 0 0 1 0
asm_1.step_164 00:15 1 0 1 0 0 0 0 0 0 1 0 0 0 0 0 0 0
asm_1.step_165 07:30 1 0 0 0 0 0 0 0 0 0 0 0 0 0 1 0 0
asm_1.step_166 07:30 0 1 0 0 0 0 0 0 0 0 1 0 0 0 0 0 0
asm_1.step_167 03:45 1 0 0 1 0 0 0 0 0 0 0 0 0 0 0 2 0
asm_1.step_168 02:25 0 0 1 0 0 0 1 0 1 0 0 0 0 0 0 0 0
asm_1.step_169 03:00 0 0 0 2 0 0 0 0 0 0 0 0 2 0 0 0 0
asm_1.step_170 07:30 0 0 1 0 0 0 1 0 1 0 0 0 0 0 1 0 0
asm_1.step_171 00:30 0 0 0 1 0 0 0 0 1 0 0 0 0 0 0 0 0
asm_1.step_172 02:25 0 1 0 0 0 0 0 0 0 0 0 0 0 0 0 0 0
asm_1.step_173 02:25 0 0 0 1 0 0 0 0 1 0 0 0 0 0 0 0 0
asm_1.step_174 02:25 0 1 0 0 0 0 0 0 1 0 0 0 0 0 0 0 0
asm_1.step_175 04:03 0 0 1 1 0 0 0 0 0 0 0 0 0 0 0 0 0
asm_1.step_176 02:25 0 0 1 0 0 0 0 0 0 0 0 0 0 0 0 0 1
asm_1.step_177 01:00 0 1 0 0 0 0 1 0 1 0 0 0 0 0 0 0 0
asm_1.step_178 02:25 0 1 1 0 0 0 0 0 0 1 0 0 0 0 0 0 0
asm_1.step_179 04:03 0 1 1 0 0 0 1 0 1 0 0 0 0 0 0 0 0
asm_1.step_180 06:00 1 0 0 0 0 0 0 0 0 0 0 0 1 0 0 0 0
asm_1.step_181 07:30 0 1 0 0 0 0 0 1 0 0 0 0 0 0 0 0 0
asm_1.step_182 02:01 0 0 0 1 0 0 0 0 0 0 0 0 0 0 0 0 0
asm_1.step_183 04:00 0 0 1 1 0 0 0 0 0 0 0 0 0 0 1 0 0
asm_1.step_184 04:03 1 0 0 0 0 0 0 0 1 0 0 0 0 0 0 0 0
asm_1.step_185 00:06 1 0 0 0 0 0 0 0 0 0 1 0 0 0 0 0 0
asm_1.step_186 00:30 0 0 0 1 0 0 0 0 1 0 0 0 0 0 0 0 0
asm_1.step_187 03:00 0 1 0 0 0 0 0 0 0 0 0 0 0 0 0 0 0
asm_1.step_188 02:01 0 0 1 0 1 0 0 0 0 0 0 1 0 0 0 0 0
asm_1.step_189 04:00 0 0 0 1 0 0 0 0 0 0 1 0 0 0 0 0 0
asm_1.step_190 03:30 0 1 0 0 0 0 0 0 1 0 0 0 0 0 0 0 0
asm_1.step_191 06:00 0 0 0 1 0 0 0 0 0 0 0 0 1 0 0 0 0
asm_1.step_192 07:30 0 0 1 0 0 0 0 0 0 0 0 0 0 0 1 0 0
asm_1.step_193 02:25 0 0 0 0 1 1 1 1 1 1 1 1 1 1 1 1 1
asm_1.step_194 07:30 0 1 0 0 0 0 0 1 0 1 0 0 0 0 0 0 0
asm_1.step_195 07:30 0 0 1 0 0 0 1 0 1 0 0 0 0 0 0 0 0
asm_1.step_196 04:00 0 0 1 0 0 0 0 0 0 0 0 0 0 1 0 0 0
asm_1.step_197 07:30 0 1 0 0 0 0 0 0 0 0 0 0 0 0 1 0 0
asm_1.step_198 02:25 1 0 0 0 0 0 0 1 0 0 0 0 0 0 0 0 0
asm_1.step_199 07:30 0 0 1 0 0 0 0 0 0 1 0 0 0 0 0 0 0
asm_1.step_200 01:30 1 0 0 0 0 0 0 0 0 0 0 0 0 0 0 0 0
asm_1.step_201 00:30 0 0 1 1 0 0 0 0 0 2 0 0 0 0 0 0 0
asm_1.step_202 07:30 0 1 0 0 0 0 0 0 0 0 0 0 0 1 0 0 0
asm_1.step_203 04:00 0 1 0 0 0 0 0 1 0 0 0 0 0 0 0 0 0
asm_1.step_204 02:25 0 1 0 0 0 0 1 0 0 0 0 0 0 0 0 0 0
asm_1.step_205 01:00 0 0 1 0 0 0 0 0 0 0 0 0 0 1 0 0 0
asm_1.step_206 07:30 0 0 1 0 0 0 0 0 0 0 0 0 0 0 1 0 0
asm_1.step_207 00:45 0 0 1 0 0 0 0 1 0 0 0 0 0 0 0 0 0
asm_1.step_208 07:30 0 0 1 0 1 0 0 0 0 0 0 0 0 0 1 0 0
asm_1.step_209 07:30 0 1 0 0 0 0 1 0 0 0 0 0 0 0 0 0 0
asm_1.step_210 00:45 0 0 1 0 0 0 0 0 0 1 0 0 0 0 0 0 0
asm_1.step_211 00:18 0 0 0 1 1 0 0 0 0 0 0 0 0 0 0 1 0
asm_1.step_212 02:25 0 0 1 0 1 0 0 0 0 0 0 0 0 0 0 0 0
asm_1.step_213 07:30 1 0 0 0 0 0 0 0 0 0 0 0 0 0 1 0 0
asm_1.step_214 01:00 0 1 1 0 0 0 0 0 0 0 1 0 0 0 0 0 0
asm_1.step_215 03:00 0 1 0 0 0 0 0 0 0 0 0 0 0 1 0 0 0
asm_1.step_216 01:00 1 0 0 0 0 0 0 0 0 0 0 0 0 0 1 0 0
asm_1.step_217 04:00 0 1 0 0 0 0 0 0 0 1 0 0 0 0 0 0 0
asm_1.step_218 07:30 0 0 1 0 0 0 0 0 0 0 1 0 0 0 0 0 0
asm_1.step_219 03:00 1 0 0 0 0 0 0 0 0 0 0 0 1 0 0 0 0
asm_1.step_220 07:30 0 1 0 0 0 0 0 0 0 0 0 0 0 1 0 0 0
asm_1.step_221 07:30 0 1 0 0 0 0 1 0 1 0 0 0 0 0 0 0 0
asm_1.step_222 01:00 0 1 0 0 1 0 0 0 0 0 0 0 0 1 0 0 0
asm_1.step_223 01:00 1 0 0 0 0 0 0 0 0 0 0 0 0 0 1 0 0
asm_1.step_224 04:41 0 0 1 0 0 0 0 0 0 0 0 0 0 0 0 1 0
asm_1.step_225 07:30 0 1 0 0 0 0 0 0 0 0 0 0 0 1 0 0 0
asm_1.step_226 07:30 0 0 1 0 0 0 0 0 0 0 0 0 0 1 0 0 0
asm_1.step_227 07:30 0 0 1 1 0 0 1 0 1 0 0 0 0 0 0 0 0
asm_1.step_228 00:30 1 0 0 0 0 0 0 0 0 0 0 0 0 0 0 0 0
asm_1.step_229 00:18 0 0 0 1 1 0 0 0 0 0 0 0 0 0 0 0 0
asm_1.step_230 03:30 1 0 0 0 0 0 0 1 0 0 0 0 0 0 0 0 0
asm_1.step_231 02:01 0 0 1 0 0 0 0 0 0 0 0 1 0 0 0 0 0
asm_1.step_232 07:30 1 0 0 0 0 0 1 0 0 0 0 0 0 0 0 0 0
asm_1.step_233 04:00 1 1 0 0 0 0 0 0 0 0 0 0 0 1 0 0 0
asm_1.step_234 07:30 0 1 0 0 0 0 0 0 1 0 0 0 0 0 0 0 0
asm_1.step_235 07:30 0 1 0 0 0 0 0 0 1 0 0 0 0 0 0 0 0
asm_1.step_236 01:00 0 0 1 0 0 0 0 0 0 0 0 1 0 0 0 0 0
asm_1.step_237 02:25 1 0 0 0 0 0 0 0 0 0 0 0 0 0 1 0 0
asm_1.step_238 06:35 0 0 0 1 0 0 0 0 0 0 0 1 0 0 0 0 0
asm_1.step_239 03:00 1 0 0 0 0 0 1 0 0 0 0 0 0 0 0 0 0
asm_1.step_240 01:00 0 0 1 0 0 0 0 0 0 0 0 0 0 0 1 0 0
asm_1.step_241 03:45 0 0 1 1 0 0 0 0 0 0 0 0 0 0 0 2 0
asm_1.step_242 02:01 0 1 0 0 0 0 0 0 0 0 1 0 0 0 0 0 0
asm_1.step_243 00:30 0 0 0 1 0 0 1 0 0 0 0 0 0 0 0 0 0
asm_1.step_244 01:30 0 0 1 1 0 0 0 0 0 0 0 2 0 0 0 0 2
asm_1.step_245 00:30 0 0 1 0 0 0 0 0 0 0 0 0 0 0 0 1 0
asm_1.step_246 04:03 0 0 1 0 0 0 0 0 1 0 0 0 0 0 0 0 0
asm_1.step_247 01:00 0 0 1 0 0 0 0 0 0 0 0 0 0 1 0 0 0
asm_1.step_248 03:30 1 0 0 0 0 0 0 1 0 0 0 0 0 0 0 0 0
asm_1.step_249 06:35 0 0 1 0 0 0 0 0 0 0 0 0 0 0 0 0 1
asm_1.step_250 07:30 1 0 0 0 0 0 0 0 0 0 1 0 0 0 0 0 0
asm_1.step_251 00:45 1 0 0 0 0 0 0 1 0 0 0 0 0 0 0 0 0
asm_1.step_252 04:00 0 0 1 0 0 0 0 0 0 0 0 0 0 0 1 0 0
asm_1.step_253 02:25 0 0 0 1 0 0 0 0 0 0 0 0 0 0 0 0 0
asm_1.step_254 03:45 0 0 0 2 2 0 0 0 0 0 0 0 0 0 0 0 0
asm_1.step_255 06:00 0 1 0 0 0 0 1 0 0 0 0 0 0 0 0 0 0
asm_1.step_256 04:00 1 1 0 0 0 0 0 1 0 1 0 0 0 0 0 0 0
asm_1.step_257 07:30 0 1 0 0 0 0 0 0 0 0 0 0 0 1 0 0 0
asm_1.step_258 07:30 0 0 1 0 0 0 0 0 0 0 0 0 0 0 0 0 0
asm_1.step_259 03:45 0 0 0 2 0 0 0 0 0 0 0 0 2 0 0 0 0
asm_1.step_260 01:00 0 0 0 1 0 0 0 0 0 0 0 0 0 0 0 0 1
asm_1.step_261 07:30 1 0 0 0 0 0 0 0 1 0 0 0 0 0 0 0 0
asm_1.step_262 00:30 0 1 0 0 0 0 0 0 0 0 0 0 1 0 0 0 0
asm_1.step_263 01:00 0 0 1 0 0 0 0 1 0 0 0 0 0 0 0 0 0
asm_1.step_264 07:30 1 0 0 0 0 0 0 0 0 0 1 0 0 0 0 0 0
asm_1.step_265 02:25 0 1 0 0 1 0 0 0 0 0 0 0 0 0 0 0 0
asm_1.step_266 02:25 1 1 0 0 0 0 0 1 0 0 0 0 0 0 0 0 0
asm_1.step_267 00:45 0 0 0 1 0 0 1 0 0 0 0 0 0 0 0 0 0
asm_1.step_268 01:00 0 0 1 0 0 0 1 0 1 0 1 0 0 0 0 0 0
asm_1.step_269 07:30 0 0 1 0 1 0 0 0 0 0 0 0 0 0 0 0 0
asm_1.step_270 01:00 1 0 0 0 1 0 0 0 0 0 0 0 0 0 0 0 0
asm_1.step_271 00:06 0 0 1 0 0 0 0 0 0 0 1 0 0 0 0 0 0
asm_1.step_272 02:25 0 0 1 0 0 0 0 0 0 0 0 0 0 0 0 0 0
asm_1.step_273 01:30 0 1 0 0 0 0 0 0 1 0 0 0 0 0 0 0 0
asm_1.step_274 01:00 0 0 1 0 0 0 1 0 1 0 0 0 0 0 0 0 0
asm_1.step_275 03:30 0 0 0 1 0 0 0 0 0 0 0 0 1 0 0 0 0
asm_1.step_276 04:00 0 1 0 0 0 0 0 0 1 0 0 0 0 0 0 0 0
asm_1.step_277 07:30 0 0 1 0 0 0 0 0 0 0 0 0 0 0 1 0 0
asm_1.step_278 07:30 1 0 0 0 0 0 1 0 1 0 0 0 0 0 0 0 0
asm_1.step_279 04:00 0 1 0 0 0 0 0 0 1 0 0 0 0 0 0 0 0
asm_1.step_280 07:30 1 0 0 0 0 0 0 0 0 0 0 0 0 0 1 0 0
asm_1.step_281 00:15 1 0 0 1 0 0 0 0 0 1 0 0 0 0 0 0 0
asm_1.step_282 02:30 0 1 0 0 0 0 0 0 0 0 0 0 0 0 1 0 0
asm_1.step_283 07:30 0 1 0 0 1 0 0 0 0 0 0 0 0 0 0 0 0
asm_1.step_284 07:30 0 0 0 1 0 0 0 0 0 0 0 0 0 0 0 0 0
asm_1.step_285 06:00 0 0 1 0 0 0 0 0 0 0 0 0 0 0 0 0 1
asm_1.step_286 07:30 0 0 1 0 0 0 1 0 1 0 0 0 0 0 0 0 0
asm_1.step_287 02:25 1 0 0 0 0 0 0 1 0 0 0 0 0 0 0 0 0
asm_1.step_288 02:30 0 0 0 1 0 0 0 0 0 0 0 0 0 0 0 0 1
asm_1.step_289 07:30 2 0 0 0 0 0 0 1 0 1 1 0 0 0 1 0 0
asm_1.step_290 07:30 1 0 0 0 0 0 0 0 1 0 0 0 0 0 0 0 0
asm_1.step_291 04:00 0 0 1 0 0 0 0 0 1 0 0 0 0 0 0 0 0
asm_1.step_292 07:30 0 0 1 0 1 0 0 0 0 0 0 0 0 0 1 0 0
asm_1.step_293 00:15 0 1 0 0 0 0 0 0 0 0 0 0 0 1 0 0 0
asm_1.step_294 07:30 0 0 0 2 0 0 0 0 1 0 0 0 0 0 0 0 0
asm_1.step_295 01:00 0 0 1 0 1 0 0 0 0 0 0 0 0 0 0 0 0
asm_1.step_296 06:35 0 0 0 1 0 0 0 0 0 0 0 0 1 0 0 0 0
asm_1.step_297 02:25 0 1 0 0 0 0 0 0 0 0 0 0 1 0 0 0 0
asm_1.step_298 03:45 0 0 0 2 0 0 0 0 0 0 0 0 2 0 0 0 0
asm_1.step_299 02:25 1 0 0 0 0 0 0 0 1 0 0 0 0 0 0 0 0
asm_1.step_300 04:00 0 1 1 0 0 0 0 0 0 0 0 0 0 0 0 0 0
asm_1.step_301 07:30 1 1 0 0 0 0 1 0 1 0 0 0 0 0 0 0 0
asm_1.step_302 04:00 0 0 1 0 0 0 0 0 1 0 0 0 0 0 0 0 0
asm_1.step_303 02:25 1 0 0 0 0 0 0 0 0 0 0 1 0 0 0 0 0
asm_1.step_304 00:30 0 1 0 0 1 0 0 0 0 0 0 0 0 0 0 0 0
asm_1.step_305 00:45 0 0 0 1 0 0 0 0 1 0 0 0 0 0 0 0 0
asm_1.step_306 04:00 0 0 0 1 0 0 0 0 0 0 0 1 0 0 0 0 1
asm_1.step_307 07:30 0 1 0 0 0 0 0 0 0 0 0 0 0 1 0 0 0
asm_1.step_308 00:30 0 0 1 1 0 0 0 0 0 0 0 0 0 0 0 0 2
asm_1.step_309 00:30 0 0 2 0 0 0 0 0 0 2 0 0 0 0 0 0 0
asm_1.step_310 07:30 1 0 0 0 0 0 1 0 1 0 1 0 0 0 0 0 0
asm_1.step_311 01:00 0 0 0 1 0 0 0 0 0 0 0 0 0 1 0 0 0
asm_1.step_312 03:30 0 0 1 0 0 0 1 0 0 0 0 0 0 0 0 0 0
asm_1.step_313 07:30 0 0 1 0 0 0 0 0 0 0 0 0 0 1 0 0 0
asm_1.step_314 02:25 0 0 1 0 1 0 0 0 0 0 0 0 0 0 0 0 0
asm_1.step_315 07:30 0 2 0 0 2 1 1 2 1 2 1 2 5 2 1 4 3
asm_1.step_316 07:30 0 1 0 0 0 0 0 0 1 0 0 0 0 0 0 0 0
asm_1.step_317 07:30 1 0 0 0 0 0 0 0 0 0 0 0 0 0 1 0 0
asm_1.step_318 02:01 0 0 1 0 0 0 0 0 0 0 0 1 0 0 0 0 0
asm_1.step_319 07:30 0 0 1 0 0 0 0 0 0 1 0 0 0 0 0 0 0
asm_1.step_320 07:30 0 0 1 0 0 0 0 0 0 1 0 0 0 0 0 0 0
asm_1.step_321 07:30 0 1 0 0 0 0 1 0 0 0 0 0 0 0 0 0 0
asm_1.step_322 07:30 0 1 0 0 0 0 0 0 1 0 0 0 0 0 0 0 0
asm_1.step_323 00:12 1 0 0 0 0 0 0 0 0 0 1 0 0 0 0 0 0
asm_1.step_324 02:30 0 1 0 0 0 0 1 0 0 0 0 0 0 0 0 0 0
asm_1.step_325 04:03 0 0 0 1 0 0 0 0 1 0 0 0 0 0 0 0 0
asm_1.step_326 07:30 0 0 0 3 2 1 1 2 1 2 1 2 0 2 1 4 3
asm_1.step_327 02:01 0 0 1 0 0 0 0 0 0 0 0 0 0 0 1 0 0
asm_1.step_328 07:30 0 0 0 1 0 0 0 0 0 0 0 0 0 1 0 1 0
asm_1.step_329 03:35 0 1 0 0 0 0 0 0 0 0 0 0 0 0 0 1 0
asm_1.step_330 02:01 0 0 0 1 0 0 0 0 0 0 0 0 1 0 0 0 0
asm_1.step_331 04:00 0 0 0 1 0 0 0 0 0 0 0 0 1 0 0 0 0
asm_1.step_332 07:30 0 0 1 0 0 0 0 0 0 0 0 0 0 0 1 0 0
asm_1.step_333 04:30 0 0 1 0 1 0 0 0 0 0 0 0 0 0 0 0 0
asm_1.step_334 07:30 0 1 0 0 0 0 0 0 0 0 0 0 0 0 0 1 0
asm_1.step_335 07:30 2 0 0 0 2 1 1 2 1 2 1 2 5 2 1 4 3
asm_1.step_336 02:01 0 0 1 1 0 0 0 0 1 0 0 0 0 0 0 0 0
asm_1.step_337 01:00 0 1 0 0 0 0 0 0 0 0 0 0 1 0 0 0 0
asm_1.step_338 00:15 0 1 1 0 0 0 0 0 0 1 0 0 0 0 0 0 0
asm_1.step_339 02:25 0 0 1 0 0 0 1 0 0 0 0 0 0 0 0 0 0
asm_1.step_340 04:00 0 0 0 0 0 0 0 0 0 0 0 0 0 0 0 0 0
asm_1.step_341 02:25 0 0 1 0 1 0 0 0 0 0 0 0 0 0 0 0 0
asm_1.step_342 04:00 0 1 0 0 0 0 0 1 0 0 0 0 0 0 0 0 0
asm_1.step_343 07:30 0 1 0 0 1 0 0 0 0 0 0 0 0 0 0 0 0
asm_1.step_344 03:30 0 0 1 0 1 0 0 0 0 0 0 0 0 0 0 0 0
asm_1.step_345 04:03 0 0 1 0 0 0 0 0 0 0 0 1 0 0 1 1 0
asm_1.step_346 07:30 0 0 1 0 0 0 0 0 0 0 0 0 0 1 0 0 0
asm_1.step_347 07:30 0 0 1 0 1 0 0 0 0 0 0 0 0 0 1 0 0
asm_1.step_348 06:35 0 1 0 0 0 0 1 0 0 0 0 0 0 0 0 0 0
asm_1.step_349 01:30 1 0 0 0 0 0 0 0 0 0 0 0 0 0 1 0 0
asm_1.step_350 01:00 0 0 1 1 2 0 0 0 0 0 0 0 0 0 0 0 0
asm_1.step_351 04:03 0 0 1 0 0 0 0 0 0 0 0 0 0 0 1 0 0
asm_1.step_352 02:25 0 0 0 2 0 0 0 0 0 0 0 0 2 0 0 0 0
asm_1.step_353 06:35 1 0 0 0 0 0 0 0 0 0 0 1 0 0 0 0 0
asm_1.step_354 04:03 1 0 0 0 0 0 0 0 0 0 0 0 0 1 0 0 0
asm_1.step_355 01:00 0 0 1 0 0 0 0 1 0 0 0 0 0 0 0 0 0
asm_1.step_356 00:30 0 0 0 1 0 0 0 0 0 0 0 0 0 1 0 0 0
asm_1.step_357 02:25 0 0 1 0 1 0 0 0 0 0 0 0 0 0 0 0 0
asm_1.step_358 07:30 0 1 0 0 0 0 0 0 0 0 0 0 0 0 0 0 0
asm_1.step_359 04:30 2 0 0 0 2 1 1 2 1 2 1 2 5 2 1 4 3
asm_1.step_360 02:30 1 0 0 0 0 0 0 0 0 0 0 0 0 1 0 0 0
asm_1.step_361 07:30 1 0 0 0 0 0 0 0 0 0 0 0 0 0 1 0 0
asm_1.step_362 04:00 0 0 0 1 0 0 0 0 0 0 0 0 0 0 0 0 1
asm_1.step_363 04:00 0 0 0 1 0 0 0 0 0 0 0 0 1 0 0 0 0
asm_1.step_364 06:00 0 0 1 0 0 0 0 0 1 0 0 0 0 0 0 0 0
asm_1.step_365 07:30 0 1 0 0 0 0 0 0 0 0 1 0 0 0 0 0 0
asm_1.step_366 01:00 0 0 1 0 0 0 0 0 0 0 0 0 0 0 0 0 0
asm_1.step_367 07:30 0 2 0 0 2 1 1 2 1 2 1 2 5 2 1 4 3
asm_1.step_368 02:25 0 0 0 1 0 0 0 0 0 0 0 0 0 0 0 1 0
asm_1.step_369 00:12 0 0 0 1 0 0 0 0 0 0 0 0 0 1 0 0 0
asm_1.step_370 00:45 0 1 0 1 0 0 0 0 0 1 0 0 0 0 0 0 0
asm_1.step_371 03:00 0 0 0 1 0 0 0 0 0 0 0 0 1 0 0 0 0
asm_1.step_372 07:30 0 0 0 1 0 0 0 0 0 0 0 0 1 0 0 0 0
asm_1.step_373 00:15 0 1 1 0 0 0 0 0 0 1 0 0 0 0 0 0 0
asm_1.step_374 03:00 0 1 0 0 0 0 0 0 0 0 0 0 0 0 0 1 0
asm_1.step_375 06:00 0 0 1 0 1 0 0 0 0 0 0 0 0 0 0 0 0
asm_1.step_376 07:30 0 1 0 0 0 0 0 0 0 0 0 0 0 0 1 0 0
asm_1.step_377 04:30 0 0 0 1 0 0 0 0 0 0 0 0 1 0 0 0 0
asm_1.step_378 02:25 0 0 2 2 2 1 1 2 1 2 1 2 5 2 1 4 3
asm_1.step_379 07:30 0 1 0 0 0 0 0 1 0 0 0 0 0 0 0 0 0
asm_1.step_380 02:17 0 1 0 0 0 0 0 0 0 0 0 0 0 1 0 0 0
asm_1.step_381 04:00 0 0 0 1 0 0 0 0 1 0 0 0 0 0 0 0 0
asm_1.step_382 03:45 0 0 0 2 0 0 0 0 0 0 0 0 2 0 0 0 0
asm_1.step_383 00:18 0 0 0 1 2 1 1 2 1 2 1 2 5 2 1 4 3
asm_1.step_384 01:00 1 0 0 0 0 0 0 1 0 0 0 0 0 0 0 0 0
asm_1.step_385 02:25 1 1 0 0 0 0 0 0 0 0 1 0 0 0 0 0 0
asm_1.step_386 01:00 0 0 1 0 1 0 0 0 0 0 0 0 0 0 0 0 0
asm_1.step_387 07:30 0 2 0 0 0 0 0 1 0 1 1 0 0 0 1 0 0
asm_1.step_388 07:30 0 0 1 0 1 0 0 0 0 0 0 0 0 0 1 0 0
asm_1.step_389 07:30 1 0 0 0 1 0 0 0 0 0 0 0 0 0 1 0 0
asm_1.step_390 00:45 0 0 1 0 1 0 0 0 0 0 0 0 0 0 0 0 0
asm_1.step_391 07:30 0 0 0 1 0 0 0 0 1 0 0 0 0 0 0 0 0
asm_1.step_392 07:30 0 0 1 0 0 0 1 0 1 0 0 0 0 0 0 0 0
asm_1.step_393 02:00 0 0 0 3 2 1 1 2 1 2 1 2 5 2 1 4 3
asm_1.step_394 04:30 0 0 1 0 1 0 0 0 0 0 0 0 0 0 0 0 0
asm_1.step_395 03:00 0 1 0 0 0 0 1 0 0 0 0 0 0 0 0 0 0
asm_1.step_396 06:35 0 0 1 0 0 0 0 0 0 0 0 0 0 1 1 1 1
asm_1.step_397 07:30 0 1 0 0 0 0 0 0 1 0 0 0 0 0 0 0 0
asm_1.step_398 04:30 1 0 0 0 0 0 0 0 0 0 0 0 0 0 0 1 0
asm_1.step_399 02:01 0 1 0 0 0 0 1 0 0 0 0 0 0 0 0 0 0
asm_1.step_400 00:30 1 0 0 0 0 0 0 0 0 1 0 0 0 0 0 0 0
asm_1.step_401 04:00 0 0 0 1 0 0 1 0 0 0 0 0 0 0 0 0 0
asm_1.step_402 02:25 1 0 0 0 0 0 0 0 0 0 0 1 0 0 1 1 0
asm_1.step_403 00:45 0 0 1 0 0 0 0 1 0 0 0 0 0 0 0 0 0
asm_1.step_404 07:30 0 1 0 0 0 0 0 1 0 0 0 0 0 0 0 0 0
asm_1.step_405 07:30 0 1 0 0 0 0 0 0 0 0 0 0 0 0 1 0 0
asm_1.step_406 07:30 0 0 1 0 0 0 0 0 0 0 1 0 0 0 0 0 0
asm_1.step_407 04:00 0 0 1 0 0 0 0 0 0 0 0 0 0 0 0 0 0
asm_1.step_408 04:00 1 0 0 0 0 0 1 0 1 0 1 0 0 0 0 0 0
asm_1.step_409 06:00 0 1 0 0 0 0 1 0 0 0 0 0 0 0 0 0 0
asm_1.step_410 00:30 1 0 0 0 0 0 0 1 0 0 0 0 0 0 0 0 0
asm_1.step_411 02:25 1 0 0 0 0 0 1 0 0 0 0 0 0 0 0 0 0
asm_1.step_412 04:00 0 0 0 1 0 0 0 0 0 0 0 0 0 1 0 1 0
asm_1.step_413 02:25 0 0 1 0 0 0 1 0 1 0 0 0 0 0 0 0 0
asm_1.step_414 07:30 0 1 0 0 0 0 1 0 0 0 0 0 0 0 0 0 0
asm_1.step_415 07:30 0 1 0 0 0 0 0 0 0 0 0 0 0 0 0 1 0
asm_1.step_416 02:30 0 0 0 1 0 0 0 0 0 0 0 1 0 0 0 0 0
asm_1.step_417 04:00 0 0 1 0 0 0 0 0 1 0 0 0 0 0 0 0 0
asm_1.step_418 03:00 0 1 0 0 2 1 1 2 1 2 1 2 5 2 1 4 3
asm_1.step_419 00:15 1 1 0 0 0 0 0 0 0 1 0 0 0 0 0 0 0
asm_1.step_420 07:30 0 1 0 0 0 0 0 1 0 0 0 0 0 0 0 0 0
asm_1.step_421 01:00 0 0 1 0 0 0 1 0 0 0 0 0 0 0 0 0 0
asm_1.step_422 03:45 0 0 1 1 0 0 0 0 0 0 0 0 0 0 0 2 2
asm_1.step_423 07:30 0 0 0 1 0 0 0 0 1 0 0 0 0 0 0 0 0
asm_1.step_424 03:00 0 1 0 0 0 0 1 0 0 0 0 0 0 0 0 0 0
asm_1.step_425 00:30 0 0 2 0 0 0 0 2 0 0 0 0 0 0 0 0 0
asm_1.step_426 00:15 0 1 1 0 0 0 0 0 0 1 0 0 0 0 0 0 0
asm_1.step_427 01:36 0 0 1 0 0 0 0 0 0 0 0 0 0 1 0 0 0
asm_1.step_428 04:30 0 0 0 1 0 0 0 0 0 0 0 0 1 0 0 0 0
asm_1.step_429 01:00 0 1 0 0 0 0 0 0 0 0 0 0 0 1 0 0 0
asm_1.step_430 06:35 0 0 0 1 0 0 0 0 0 0 0 0 0 1 0 1 0
asm_1.step_431 01:00 1 0 0 0 0 0 1 0 1 0 1 0 0 0 1 0 0
asm_1.step_432 00:30 0 0 1 0 0 0 1 0 0 0 0 0 0 0 0 0 0
asm_1.step_433 01:00 0 1 1 0 1 0 0 0 0 0 0 0 0 0 0 0 0
asm_1.step_434 03:00 0 0 0 2 0 0 0 0 0 0 0 0 2 0 0 0 0
asm_1.step_435 07:30 0 1 0 0 0 0 0 0 0 0 0 0 0 0 1 0 0
asm_1.step_436 00:15 0 0 1 0 0 0 0 0 0 1 0 0 0 0 0 0 0
asm_1.step_437 04:00 0 0 1 0 0 0 0 0 0 0 1 0 0 0 0 0 0
asm_1.step_438 00:45 0 0 1 0 0 0 0 0 0 0 0 0 0 0 1 0 0
asm_1.step_439 02:25 2 0 0 0 0 0 0 0 0 0 0 0 0 0 0 0 0
asm_1.step_440 04:00 0 0 0 1 0 0 0 0 0 0 0 0 0 1 0 0 0
asm_1.step_441 04:03 0 0 1 0 0 0 0 1 0 0 0 0 0 0 0 0 0
asm_1.step_442 04:00 0 1 0 0 0 0 0 0 1 0 0 0 0 0 0 0 0
asm_1.step_443 02:25 0 0 0 1 0 0 0 0 0 0 0 0 1 0 0 0 0
asm_1.step_444 04:00 0 0 1 0 0 0 0 0 0 0 0 0 0 1 0 0 0
asm_1.step_445 07:30 0 0 1 0 0 0 0 0 1 0 1 0 0 0 1 0 0
asm_1.step_446 00:45 0 0 1 1 0 0 0 0 0 0 0 0 0 0 0 2 0
asm_1.step_447 02:25 1 0 0 0 0 0 0 0 0 0 0 0 1 0 0 0 0
asm_1.step_448 02:25 0 1 0 0 0 0 0 0 1 0 0 0 0 0 0 0 0
asm_1.step_449 00:45 0 0 1 0 1 0 0 0 0 0 0 0 0 0 0 0 0
asm_1.step_450 01:30 0 0 0 1 0 0 0 0 0 0 0 1 0 0 0 0 0
asm_1.step_451 07:30 0 0 0 1 0 0 0 0 0 0 1 0 0 0 0 0 0
asm_1.step_452 07:30 1 0 0 0 1 0 0 0 0 0 0 0 0 0 1 0 0
asm_1.step_453 07:30 0 0 0 1 0 0 0 0 0 0 0 0 1 0 0 0 0
asm_1.step_454 01:00 0 0 0 1 1 0 0 0 0 0 0 0 0 0 0 0 0
asm_1.step_455 01:00 0 0 1 0 0 0 0 0 0 0 0 0 0 0 0 1 0
asm_1.step_456 00:30 0 1 1 0 0 0 0 0 0 1 0 0 0 0 0 0 0
asm_1.step_457 04:30 0 1 0 0 0 0 0 0 0 0 0 0 0 1 0 0 0
asm_1.step_458 07:30 0 1 0 0 0 0 1 0 0 0 0 0 0 0 0 0 0
asm_1.step_459 00:30 0 0 0 1 0 0 0 0 1 0 0 0 0 0 0 0 0
asm_1.step_460 07:30 0 1 0 0 0 0 1 0 0 0 0 0 0 0 0 0 0
asm_1.step_461 06:35 0 0 0 1 0 0 0 0 0 0 0 1 0 0 0 0 1
asm_1.step_462 07:30 0 2 0 0 0 0 0 1 0 1 1 0 0 0 1 0 0
asm_1.step_463 07:30 2 0 0 0 0 0 0 0 1 0 0 0 0 0 0 0 0
asm_1.step_464 01:00 0 0 1 0 1 0 0 0 0 0 0 0 0 0 0 0 0
asm_1.step_465 02:25 0 0 1 0 1 0 0 0 0 0 0 0 0 0 0 0 0
asm_1.step_466 07:30 0 1 0 0 0 0 0 0 1 0 0 0 0 0 0 0 0
asm_1.step_467 01:00 0 0 1 0 0 0 0 0 0 0 0 1 0 0 0 0 0
asm_1.step_468 07:30 0 0 1 0 0 0 0 0 0 1 0 0 0 0 0 0 0
asm_1.step_469 07:30 0 1 0 0 0 0 0 0 1 0 0 0 0 0 0 0 0
asm_1.step_470 04:00 0 0 1 0 0 0 1 0 0 0 0 0 0 0 0 0 0
asm_1.step_471 03:30 0 0 0 1 0 0 0 0 0 0 0 0 1 0 0 0 0
asm_1.step_472 02:01 0 0 1 0 1 0 0 0 0 0 0 0 0 0 0 0 0
asm_1.step_473 06:00 0 0 0 1 0 0 0 0 0 0 0 0 1 0 0 0 0
asm_1.step_474 00:06 0 1 0 0 1 0 0 0 0 0 0 0 0 0 0 0 0
asm_1.step_475 07:30 1 0 0 0 0 0 0 0 0 0 0 0 0 0 1 0 0
asm_1.step_476 01:00 0 0 0 1 0 0 0 0 0 0 0 0 0 1 0 0 0
asm_1.step_477 07:00 0 0 0 1 0 0 0 0 0 0 0 0 1 0 0 0 0
asm_1.step_478 07:30 0 0 0 1 0 0 0 0 1 0 0 0 0 0 0 0 0
asm_1.step_479 03:00 0 1 0 0 0 0 1 0 0 0 0 0 0 0 0 0 0
asm_1.step_480 07:30 0 1 0 0 0 0 0 0 0 0 0 0 0 0 0 0 1
asm_1.step_481 06:35 0 0 0 1 0 0 0 0 0 0 0 0 0 1 0 1 0
asm_1.step_482 07:30 0 1 0 0 0 0 0 0 0 0 1 0 0 0 0 0 0
asm_1.step_483 07:30 0 1 0 0 1 0 0 0 0 0 0 0 0 0 0 0 0
asm_1.step_484 00:45 0 0 0 1 0 0 0 0 0 0 0 0 0 1 0 0 0
asm_1.step_485 07:30 0 1 0 0 0 0 0 0 0 0 1 0 0 0 0 0 0
asm_1.step_486 03:00 0 0 1 0 0 0 0 1 0 0 0 0 0 0 0 0 0
asm_1.step_487 03:45 0 0 0 2 0 0 0 0 0 0 0 0 2 0 0 0 0
asm_1.step_488 04:00 0 0 1 0 0 0 0 0 0 0 0 0 0 0 0 0 0
asm_1.step_489 07:30 0 1 0 0 0 0 0 0 1 0 0 0 0 0 0 0 0
asm_1.step_490 04:00 0 0 0 1 0 0 0 0 1 0 0 0 0 0 0 0 0
asm_1.step_491 04:00 0 0 0 1 1 0 0 0 0 0 0 0 0 0 0 0 1
asm_1.step_492 04:30 0 0 0 1 0 0 0 0 0 0 0 0 0 0 1 1 1
asm_1.step_493 07:30 0 1 0 0 0 0 0 0 0 0 0 0 0 0 1 0 0
asm_1.step_494 06:00 0 1 0 0 0 0 0 0 0 1 0 0 0 0 0 0 0
asm_1.step_495 07:30 1 0 0 0 0 0 0 0 0 0 1 0 0 0 0 0 0
asm_1.step_496 02:25 0 0 0 2 2 0 0 0 0 0 0 0 0 0 0 0 0
asm_1.step_497 07:30 1 1 0 0 0 0 0 0 0 0 1 0 0 0 0 0 0
asm_1.step_498 01:00 0 1 0 0 0 0 0 0 1 0 0 0 0 0 0 0 0
asm_1.step_499 04:00 1 0 0 0 0 0 1 0 0 0 0 0 0 0 0 0 0
asm_1.step_500 07:30 0 1 0 0 0 0 0 0 0 0 0 0 0 0 0 1 0
asm_1.step_501 00:30 0 1 0 0 1 0 0 0 0 0 0 0 0 0 0 0 0
asm_1.step_502 01:00 0 0 1 0 0 0 0 0 1 0 0 0 0 0 0 0 0
asm_1.step_503 00:30 0 1 0 0 0 0 0 0 0 0 0 0 1 0 0 0 0
asm_1.step_504 02:25 0 0 0 1 0 0 0 0 0 0 0 0 0 0 1 0 0
asm_1.step_505 04:00 0 0 0 1 0 0 0 0 0 0 0 0 1 0 0 0 0
asm_1.step_506 04:03 0 0 1 0 0 0 0 0 1 0 0 0 0 0 0 0 0
asm_1.step_507 02:30 0 1 0 0 0 0 0 0 0 0 0 0 0 0 0 0 1
asm_1.step_508 01:00 0 0 1 0 0 0 1 0 0 0 0 0 0 0 0 0 0
asm_1.step_509 03:45 0 0 0 2 0 0 0 0 0 0 0 0 2 0 0 0 0
asm_1.step_510 04:03 1 0 0 0 0 0 0 0 0 0 1 0 0 0 0 0 0
asm_1.step_511 07:30 0 1 0 0 0 0 0 0 1 0 0 0 0 0 0 0 0
asm_1.step_512 00:18 0 1 0 0 0 0 0 0 0 0 0 0 0 0 1 0 0
asm_1.step_513 07:30 0 1 0 0 0 0 1 0 0 0 0 0 0 0 0 0 0
asm_1.step_514 03:27 0 0 0 2 2 0 0 0 0 0 0 0 0 0 0 0 0
asm_1.step_515 04:30 0 0 0 1 0 0 1 0 0 0 0 0 0 0 0 0 0
asm_1.step_516 07:30 1 0 0 0 0 0 0 0 0 0 1 0 0 0 0 0 0
asm_1.step_517 07:30 0 2 0 0 0 0 0 1 0 1 1 0 0 0 1 0 0
asm_1.step_518 07:30 1 0 0 0 1 0 0 0 0 0 0 0 0 0 1 0 0
asm_1.step_519 07:30 0 0 1 0 0 0 0 0 0 1 0 0 0 0 0 0 0
asm_1.step_520 05:30 0 1 0 0 0 0 0 0 0 0 0 0 0 0 0 0 0
asm_1.step_521 00:48 0 0 0 1 0 0 0 0 0 0 0 0 0 0 0 0 1
asm_1.step_522 07:30 0 0 1 0 1 0 0 0 0 0 0 0 0 0 0 0 0
asm_1.step_523 04:00 0 0 1 0 0 0 1 0 0 0 0 0 0 0 0 0 0
asm_1.step_524 01:00 0 0 1 0 0 0 1 0 0 0 0 0 0 0 0 0 0
asm_1.step_525 00:24 0 1 0 0 1 0 0 0 0 0 0 0 0 0 0 0 0
asm_1.step_526 02:25 0 0 0 1 0 0 0 0 1 0 0 0 0 0 0 0 0
asm_1.step_527 03:45 0 0 0 2 0 0 0 0 0 0 0 0 2 0 0 0 0
asm_1.step_528 03:00 0 0 0 1 0 0 0 0 0 0 0 0 1 0 0 0 0
asm_1.step_529 06:35 1 0 0 0 0 0 0 0 0 0 0 1 0 0 0 0 0
asm_1.step_530 00:45 0 0 1 0 0 0 0 1 0 0 0 0 0 0 0 0 0
asm_1.step_531 01:00 0 1 1 0 0 0 0 0 0 0 0 0 0 1 0 0 0
asm_1.step_532 04:00 1 0 0 0 0 0 0 0 0 0 0 0 0 1 0 0 0
asm_1.step_533 00:30 0 0 2 0 0 0 0 0 0 2 0 0 0 0 0 0 0
asm_1.step_534 07:30 0 0 0 1 0 0 0 0 1 0 0 0 0 0 0 0 0
asm_1.step_535 02:01 0 0 0 1 0 0 0 0 0 0 0 0 1 0 0 0 0
asm_1.step_536 04:00 0 0 1 0 0 0 0 0 0 0 0 0 0 0 1 0 0
asm_1.step_537 02:25 0 1 0 0 0 0 0 0 0 1 0 0 0 0 0 0 0
asm_1.step_538 02:25 0 0 1 0 1 0 0 0 0 0 0 0 0 0 0 0 0
asm_1.step_539 00:15 0 0 1 0 0 0 0 0 0 0 0 0 0 0 1 0 0
asm_1.step_540 00:15 1 1 0 0 0 0 0 0 0 1 0 0 0 0 0 0 0
asm_1.step_541 06:00 1 0 0 0 0 0 0 0 0 0 0 0 1 0 0 0 0
asm_1.step_542 02:01 0 0 0 1 0 0 0 0 0 0 0 0 1 0 0 0 0
asm_1.step_543 07:30 0 0 0 1 0 0 0 0 0 0 0 1 0 0 0 1 0
asm_1.step_544 01:00 0 1 0 0 0 0 0 0 1 0 0 0 0 0 0 0 0
asm_1.step_545 02:25 1 0 0 0 0 0 0 0 0 0 0 0 1 0 0 0 0
asm_1.step_546 02:25 0 0 1 0 0 0 0 1 0 0 0 0 0 0 0 0 0
asm_1.step_547 07:30 0 1 0 0 0 0 1 0 0 0 0 0 0 0 0 0 0
asm_1.step_548 04:00 0 0 1 0 1 0 0 0 0 0 0 0 0 0 0 0 0
asm_1.step_549 04:00 0 0 1 0 0 0 0 0 0 0 0 0 0 0 1 0 0
asm_1.step_550 00:30 0 1 0 0 0 0 0 0 0 0 0 0 0 0 0 1 0
asm_1.step_551 02:25 0 0 2 0 2 0 0 0 0 0 0 0 0 0 0 0 0
asm_1.step_552 04:00 0 0 1 0 0 0 0 0 0 0 1 0 0 0 0 0 0
asm_1.step_553 02:25 0 0 2 0 1 0 0 0 0 0 0 1 0 0 0 0 0
asm_1.step_554 00:30 0 0 1 0 0 0 0 0 0 1 0 0 0 0 0 0 0
asm_1.step_555 02:25 0 0 0 1 0 0 0 0 0 0 0 0 1 0 0 0 0
asm_1.step_556 00:41 0 0 1 0 0 0 0 1 0 0 0 0 0 0 0 0 0
asm_1.step_557 07:30 0 1 0 0 0 0 0 0 0 0 1 0 0 0 0 0 0
asm_1.step_558 03:30 0 1 0 0 0 0 0 0 0 1 0 0 0 0 0 0 0
asm_1.step_559 07:30 0 2 0 0 2 1 1 2 1 2 1 2 5 2 1 4 3
asm_1.step_560 02:17 0 1 0 0 1 0 0 0 0 0 0 0 0 0 0 0 0
asm_1.step_561 01:00 0 0 1 0 1 0 0 0 0 0 0 0 0 0 0 0 0
asm_1.step_562 07:30 0 1 1 0 0 0 0 0 1 0 0 0 0 0 0 0 0
asm_1.step_563 06:05 0 0 1 0 1 0 0 0 0 0 0 0 0 0 0 0 0
asm_1.step_564 07:30 0 0 1 0 0 0 1 0 1 0 1 0 0 0 0 0 0
asm_1.step_565 06:00 0 0 1 0 0 0 0 0 0 0 0 0 0 0 1 0 0
asm_1.step_566 07:30 0 1 0 0 0 0 0 0 0 0 0 0 0 0 1 0 0
asm_1.step_567 07:30 0 1 0 0 0 0 0 0 1 0 0 0 0 0 0 0 0
asm_1.step_568 00:30 0 1 0 1 0 0 0 0 0 0 0 0 0 2 0 0 0
asm_1.step_569 00:30 0 1 0 0 1 0 0 0 0 0 0 0 0 0 0 0 0
asm_1.step_570 02:25 0 0 0 1 1 0 0 0 0 0 0 0 0 0 0 0 0
asm_1.step_571 07:30 0 1 0 0 0 0 0 0 0 0 1 0 0 0 0 0 0
asm_1.step_572 00:30 0 1 1 0 0 0 0 0 0 1 0 0 0 0 0 0 0
asm_1.step_573 02:30 2 0 0 0 0 0 0 0 0 0 0 0 0 0 0 0 0
asm_1.step_574 01:23 0 0 1 0 0 0 0 0 0 0 0 0 0 1 0 0 0
asm_1.step_575 06:35 0 0 0 1 0 0 0 0 0 0 0 1 0 0 0 0 1
